,temperature,zipcoides
0,49.21,78701
1,49.21,78712
2,49.19,78705
3,48.31,78704
4,49.21,78702
5,49.19,78722
6,48.07,78703
7,48.29,78741
8,49.19,78751
9,49.19,78756
10,49.17,78721
11,49.15,78723
12,48.09,78746
13,48.31,78745
14,48.24,78742
15,49.17,78752
16,49.17,78757
17,48.06,78731
18,48.29,78744
19,49.15,78725
20,48.31,78735
21,48.33,78749
22,49.15,78758
23,49.14,78724
24,48.07,78733
25,48.34,78748
26,49.15,78753
27,48.34,78736
28,48.06,78730
29,49.15,78759
30,48.25,78719
31,49.14,78754
32,48.34,78747
33,48.04,78750
34,48.36,78739
35,49.1,78727
36,48.06,78732
37,48.4,78652
38,48.45,78610
39,48.04,78726
40,48.25,78617
41,48.0,78729
42,49.1,78728
43,49.08,78660
44,48.11,78738
45,49.08,78653
46,48.06,78734
47,48.36,78737
48,49.06,78717
49,47.97,78613
50,48.04,78645
51,49.05,78664
52,49.05,78681
53,48.31,78612
54,47.93,78641
55,48.56,78640
56,49.05,78665
57,49.06,78621
58,48.54,78619
59,48.4,78620
60,48.96,78634
61,48.07,78669
62,49.01,78628
63,48.58,78644
64,48.72,78656
65,48.88,78615
66,48.47,78616
67,48.7,78676
68,48.2,78602
69,48.4,78662
70,48.83,78666
71,49.01,78633
72,48.83,76574
73,49.01,78626
74,47.91,78642
75,49.33,78650
76,48.83,78655
77,47.95,78605
78,48.87,78623
79,46.26,78654
80,48.74,76578
81,48.74,76530
82,48.47,78953
83,48.27,76527
84,49.01,78133
85,48.33,78957
86,48.22,78659
87,49.48,76537
88,46.54,78636
89,50.63,78638
90,48.9,78947
91,49.03,76577
92,50.56,78648
93,46.42,78663
94,47.66,78606
95,46.31,78657
96,50.45,78632
97,49.35,76511
98,49.14,78132
99,48.47,78948
100,49.21,76571
101,50.7,78130
102,47.86,78070
103,50.9,78155
104,49.98,78959
105,47.53,78635
106,48.13,78608
107,49.21,76534
108,47.93,78027
109,48.22,78963
110,47.03,78611
111,50.86,78123
112,48.33,76567
113,49.1,78941
114,48.33,78949
115,47.57,78942
116,49.12,76542
117,47.91,76549
118,46.22,78639
119,47.59,78671
120,48.92,76554
121,53.01,78266
122,48.04,76569
123,48.07,78004
124,46.18,78609
125,49.12,76548
126,48.09,78163
127,50.95,78108
128,47.08,78607
129,48.11,78945
130,50.88,78122
131,47.34,78946
132,53.01,78261
133,48.99,76559
134,48.22,77853
135,50.95,78124
136,48.04,76518
137,48.9,76513
138,53.02,78154
139,49.1,76541
140,49.01,76543
141,46.45,78675
142,53.04,78259
143,47.89,76539
144,53.04,78148
145,50.7,78614
146,50.95,78150
147,46.99,78672
148,48.85,76502
149,53.04,78260
150,53.06,78233
151,50.54,78629
152,49.73,77984
153,49.35,77975
154,53.06,78247
155,48.15,78006
156,47.84,78932
157,53.06,78258
158,53.06,78109
159,48.79,76504
160,53.08,78239
161,48.02,76556
162,51.03,78121
163,48.0,76550
164,48.94,78956
165,47.25,77836
166,46.27,78643
167,53.08,78217
168,47.77,76544
169,53.06,78015
170,50.99,78152
171,50.7,78677
172,53.06,78232
173,48.06,78954
174,53.08,78244
175,48.76,76501
176,47.68,76522
177,53.06,78257
178,53.1,78248
179,47.62,76520
180,53.08,78218
181,50.85,78140
182,47.62,76519
183,48.18,78940
184,53.1,78216
185,53.08,78219
186,53.1,78231
187,47.8,77835
188,53.06,78256
189,48.31,78938
190,53.1,78209
191,46.33,78624
192,53.15,78234
193,53.1,78213
194,53.08,78101
195,53.1,78230
196,53.08,78255
197,53.11,78220
198,53.1,78249
199,53.11,78208
200,53.11,78212
201,47.71,78013
202,53.13,78263
203,53.11,78201
204,53.11,78229
205,53.11,78202
206,48.63,76579
207,53.11,78215
208,50.99,78161
209,47.61,76570
210,53.11,78222
211,53.11,78205
212,53.11,78203
213,53.13,78240
214,53.11,78210
215,48.61,76557
216,50.79,78159
217,52.21,78160
218,53.11,78228
219,47.28,77879
220,53.13,78207
221,47.68,76656
222,53.13,78204
223,46.45,76853
224,46.53,76885
225,53.15,78238
226,53.13,78235
227,47.97,78944
228,53.15,78237
229,53.15,78250
230,47.21,76524
231,53.11,78254
232,53.13,78225
233,53.13,78223
234,49.41,78962
235,51.93,77994
236,53.1,78023
237,46.8,76528
238,46.83,76831
239,53.13,78214
240,53.13,78226
241,48.13,78950
242,53.15,78251
243,47.32,76561
244,49.15,78934
245,49.15,78943
246,49.86,78063
247,47.98,78931
248,47.14,77807
249,47.16,77837
250,47.89,77833
251,53.11,78243
252,53.11,78236
253,53.17,78221
254,47.14,76630
255,46.94,76832
256,52.16,78116
257,47.23,76657
258,53.17,78211
259,53.17,78227
260,46.53,76869
261,53.19,78242
262,53.17,78224
263,47.1,76632
264,49.66,77964
265,47.52,76680
266,50.05,77995
267,53.19,78245
268,46.87,76820
269,53.19,78112
270,53.17,78253
271,47.14,76655
272,51.93,77954
273,47.73,78010
274,52.32,78114
275,47.12,77803
276,53.22,78264
277,47.14,77801
278,46.94,76566
279,53.19,78252
280,49.57,77470
281,49.14,78933
282,46.35,78631
283,49.93,78056
284,46.2,78618
285,47.23,77845
286,49.93,78066
287,46.98,76525
288,47.55,78028
289,47.1,77808
290,47.14,77859
291,47.14,77840
292,47.12,76643
293,48.81,77418
294,53.2,78073
295,51.96,78164
296,47.12,77802
297,47.19,76629
298,49.15,78935
299,46.81,76877
300,45.99,76844
301,46.94,76661
302,53.28,78002
303,52.27,78117
304,46.51,76842
305,50.02,78039
306,46.94,77880
307,47.14,76712
308,46.8,76538
309,48.67,77426
310,49.78,78003
311,50.02,78009
312,53.28,78069
313,46.58,78025
314,47.12,76706
315,47.12,76711
316,47.14,76710
317,47.23,76638
318,52.09,78151
319,52.02,78141
320,47.12,76701
321,49.68,77442
322,53.31,78065
323,52.25,78118
324,47.12,76707
325,53.33,78064
326,52.38,78113
327,53.44,78052
328,53.49,78059
329,45.9,76856
330,47.08,76704
331,48.92,77474
332,49.21,77434
333,46.51,76887
334,51.93,77974
335,47.08,77856
336,46.99,77868
337,46.15,76653
338,47.12,76708
339,47.12,76798
340,46.98,76682
341,48.76,77445
342,47.03,76705
